lastfm=GASM_new=1=recall:[18.13084287 21.54466235 23.62803456 24.93142505 26.05754698 26.96441567 27.83676364 28.57942565 29.22319046 29.81843966 30.37823515 30.84939635 31.26737698 31.66389879 31.96712135 32.258215   32.53904574 32.81427852 33.08391334 33.32089343]
lastfm=GASM_new=1=mrr:[18.13084287 19.83775261 20.53221001 20.85805763 21.08328202 21.2344268 21.35904794 21.45188069 21.52341011 21.58293503 21.63382553 21.67308897 21.70524132 21.73356431 21.75377915 21.7719725  21.78849195 21.80378266 21.81797397 21.82982298]
lastfm=GASM_new=0.75=recall:[15.07995746 18.95187625 21.28435745 22.84618686 24.18783005 25.24677651 26.17976899 26.89910619 27.56992779 28.163311   28.75389524 29.22132448 29.62064526 29.97051744 30.29426583 30.57789554 30.86245825 31.13022709 31.39333097 31.63404303]
lastfm=GASM_new=0.75=mrr:[15.07995746 17.01591685 17.79341059 18.18386794 18.45219658 18.62868765 18.76197229 18.85188944 18.92642518 18.9857635  19.03945297 19.07840541 19.10912239 19.13411326 19.15569649 19.17342335 19.19016233 19.20503838 19.21888595 19.23092155]
lastfm=GASM_new=0.5=recall:[ 9.80295199 14.67503872 17.33686626 19.15526861 20.59954097 21.79470433 22.73889272 23.61683865 24.37629453 24.97714168 25.51734433 25.97171167 26.42887798 26.78528111 27.16687503 27.43557687 27.73506746 28.03175906 28.29206397 28.51225019]
lastfm=GASM_new=0.5=mrr:[ 9.80295199 12.23899535 13.1262712  13.58087179 13.86972626 14.06892015 14.20380421 14.31354745 14.39793144 14.45801615 14.50712548 14.54498943 14.58015607 14.60561344 14.63105303 14.64784689 14.66546399 14.68194686 14.69564711 14.70665642]
lastfm=GASM_new=0.3=recall:[ 3.58082514  8.7841242  11.65680805 13.68793268 15.20871042 16.41227072 17.44789237 18.28851859 19.07689724 19.72252804 20.34016906 20.86264485 21.32167715 21.73405982 22.08206602 22.41234536 22.69690806 22.98426975 23.24364166 23.47688978]
lastfm=GASM_new=0.3=mrr:[3.58082514 6.18247467 7.14003595 7.64781711 7.95197266 8.15256604 8.30051199 8.40559027 8.4931879  8.55775098 8.61390016 8.65743981 8.69274999 8.72220589 8.7454063  8.76604876 8.78278775 8.79875228 8.81240344 8.82406584]
lastfm=GASM_new=0.25=recall:[ 2.67582243  6.97131981  9.70032282 11.64747812 13.24196227 14.49403818 15.57351048 16.50743595 17.28741766 17.94331138 18.57681327 19.106753 19.53779553 19.94458025 20.2478028  20.58647907 20.9055625  21.21158403 21.47468791 21.69394115]
lastfm=GASM_new=0.25=mrr:[2.67582243 4.82357112 5.73323879 6.22002762 6.53892445 6.74760376 6.90181409 7.01855478 7.10521941 7.17080878 7.22839986 7.27256151 7.30571863 7.33477468 7.35498951 7.37615678 7.39492639 7.41192759 7.42577516 7.43673783]
lastfm=GASM_new=0.2=recall:[ 1.80534045  4.78998339  7.02823235  8.86062958 10.38607229 11.59056558 12.64578008 13.51626206 14.27105298 14.88029706 15.4466235  15.92058368 16.3394973  16.73415312 17.0467056  17.34246422 17.59437219 17.86773899 18.07952828 18.27172473]
lastfm=GASM_new=0.2=mrr:[1.80534045 3.29766192 4.04374491 4.50184422 4.80693276 5.00768164 5.15842657 5.26723681 5.35110247 5.41202688 5.4635111  5.50300778 5.53523191 5.56342161 5.58425844 5.60274336 5.61756147 5.63274852 5.64389532 5.65350514]
lastfm=GASM_new=0.1=recall:[0.89007483 1.81280439 2.62357485 3.3876957  4.03985744 4.60991584 5.0624172  5.47293389 5.85079584 6.203467   6.4637719  6.7119479 6.9358661  7.1467224  7.31279506 7.46207386 7.63094549 7.80634808 7.94909593 8.08437984]
lastfm=GASM_new=0.1=mrr:[0.89007483 1.35143961 1.62169643 1.81272664 1.94315899 2.03816872 2.10281177 2.15412636 2.19611102 2.23137814 2.25504222 2.27572355 2.29294803 2.30800919 2.3190807  2.32841063 2.33834425 2.34808884 2.35560189 2.36236608]
lastfm=GASM_new=0.075=recall:[0.68108451 1.23901401 1.72043813 2.15148066 2.52934261 2.853091 3.14978261 3.3876957  3.58082514 3.79261443 3.95122315 4.10143494 4.26190965 4.4289153  4.54180739 4.6770913  4.80491127 4.91873635 5.02323151 5.12679368]
lastfm=GASM_new=0.075=mrr:[0.68108451 0.96004926 1.12052397 1.2282846  1.30385699 1.35781506 1.40019957 1.42993871 1.45139753 1.47257646 1.48699544 1.49951309 1.5118573  1.52378627 1.53131241 1.53976765 1.54728648 1.55361009 1.55910984 1.56428795]
lastfm=GASM_new=0.05=recall:[0.23698009 0.44597041 0.63909985 0.78278069 0.93299248 1.0673434 1.18676643 1.3024575  1.4022877  1.48998899 1.58235525 1.67285552 1.74282995 1.82493329 1.90983561 1.95835122 2.02645967 2.0973671 2.15427964 2.20932619]
lastfm=GASM_new=0.05=mrr:[0.23698009 0.34147525 0.40585173 0.44177194 0.4718143  0.49420612 0.51126655 0.52572793 0.53682018 0.54559031 0.55398724 0.56152893 0.56691158 0.5727761  0.57843626 0.58146848 0.58547486 0.58941416 0.59240956 0.59516189]
lastfm=GASM_new=0.025=recall:[0.0251908  0.05224758 0.08117035 0.10729414 0.1362169  0.15487675 0.18846448 0.20525835 0.22485119 0.24071206 0.25843892 0.2724338 0.29109365 0.30788752 0.32468138 0.33214532 0.35640313 0.37506298 0.38999086 0.40305275]
lastfm=GASM_new=0.025=mrr:[0.0251908  0.03871919 0.04836011 0.05489106 0.06067561 0.06378559 0.06858383 0.07068307 0.07286005 0.07444614 0.07605767 0.07722391 0.07865928 0.07985884 0.08097843 0.08144493 0.08287186 0.08390852 0.0846942  0.08534729]

30Music=GASM_new=1=recall:[23.18750278 25.77506787 27.27075823 28.41366624 29.33879271 30.16452297 30.93180234 31.5887074  32.19695284 32.73309894 33.21791505 33.65436824 34.05284318 34.41304316 34.74594627 35.04769534 35.32096073 35.58324803 35.84612874 36.09654784]
30Music=GASM_new=1=mrr:[23.18750278 24.48128533 24.97984878 25.26557578 25.45060108 25.58822279 25.69783412 25.77994726 25.84753008 25.90114469 25.94521889 25.98158998 26.0122419  26.03797047 26.06016401 26.07902333 26.09509777 26.10966928 26.12350511 26.13602606]
30Music=GASM_new=0.75=recall:[21.25535924 23.78388001 25.25939442 26.30290623 27.19865889 27.97810316 28.64539291 29.28360556 29.81114721 30.28646876 30.70571306 31.11101221 31.4777397  31.81479668 32.11743587 32.3927782  32.67702167 32.90251754 33.14166185 33.34460813]
30Music=GASM_new=0.75=mrr:[21.25535924 22.51961962 23.01145776 23.27233571 23.45148625 23.58139362 23.67672073 23.75649731 23.81511305 23.86264521 23.90075832 23.93453325 23.96274306 23.98681856 24.0069945  24.0242034  24.0409236  24.05345115 24.06603769 24.07618501]
30Music=GASM_new=0.5=recall:[18.48977109 20.9387749  22.314003   23.33585533 24.16929992 24.85943596 25.47569244 26.02489356 26.51564378 26.96900915 27.36511045 27.73243135 28.07660925 28.38132538 28.67862388 28.94150459 29.16670375 29.39012269 29.61057457 29.81441097]
30Music=GASM_new=0.5=mrr:[18.48977109 19.714273   20.17268236 20.42814544 20.59483436 20.70985704 20.79789368 20.86654382 20.92107162 20.96640816 21.00241737 21.03302744 21.05950266 21.0812681  21.101088   21.11751805 21.13076506 21.14317722 21.15477995 21.16497177]
30Music=GASM_new=0.3=recall:[14.97945317 17.2717967  18.60874983 19.58757992 20.38541991 21.02719302 21.60369101 22.10304568 22.54691649 22.92402866 23.27651431 23.60170309 23.89603454 24.18769564 24.45027964 24.67844586 24.90127138 25.10362425 25.29618586 25.48400018]
30Music=GASM_new=0.3=mrr:[14.97945317 16.12562494 16.57127598 16.8159835  16.9755515  17.08251369 17.16487054 17.22728987 17.27660885 17.31432007 17.34636422 17.37346329 17.39610417 17.4169371  17.4344427  17.44870309 17.46181047 17.4730523 17.48318712 17.49257784]
30Music=GASM_new=0.25=recall:[13.53331256 15.84227157 17.22580741 18.27258297 19.06656579 19.71753675 20.2738588  20.74710342 21.20284243 21.59330633 21.95677007 22.29768422 22.57925735 22.83798419 23.08543623 23.33110805 23.53702138 23.7423413 23.92451823 24.10432151]
30Music=GASM_new=0.25=mrr:[13.53331256 14.68779207 15.14897068 15.41066457 15.56946113 15.6779563 15.75743087 15.81658645 15.86722412 15.90627051 15.93931267 15.96772218 15.98938165 16.00786214 16.02435894 16.03971343 16.05182598 16.06323264 16.0728209  16.08181107]
30Music=GASM_new=0.2=recall:[11.73646654 14.08874449 15.48474194 16.48968208 17.24153278 17.87054757 18.43488065 18.92711439 19.37751272 19.72317415 20.0815939  20.39343095 20.68746569 20.9441156  21.18236978 21.41468987 21.60814159 21.80841752 21.98940763 22.15496907]
30Music=GASM_new=0.2=mrr:[11.73646654 12.91260552 13.377938   13.62917303 13.77954317 13.88437897 13.96499798 14.0265272  14.07657146 14.1111376  14.14372122 14.16970764 14.19232569 14.21065783 14.22654144 14.24106145 14.25244096 14.2635674 14.2730932  14.28137127]
30Music=GASM_new=0.1=recall:[ 5.33861468  8.16710431  9.66635513 10.74369131 11.55874019 12.21089798 12.80875873 13.35350928 13.7742371  14.13147003 14.45131811 14.75188037 15.01832154 15.26339994 15.49661014 15.70549053 15.89389826 16.07904224 16.24697732 16.40571454]
30Music=GASM_new=0.1=mrr:[5.33861468 6.7528595  7.25260977 7.52194381 7.68495359 7.79364656 7.87905523 7.94714905 7.99389659 8.02961988 8.05869698 8.08374383 8.10423931 8.12174491 8.13729226 8.15034728 8.16143009 8.17171586 8.18055455 8.18849141]
30Music=GASM_new=0.075=recall:[ 2.60981797  5.49379145  7.05089976  8.24306081  9.14445087  9.86811459 10.51552509 11.00805554 11.4483659  11.82399454 12.17915053 12.49573486 12.75208806 13.00221045 13.2265195  13.42857567 13.62351091 13.80005044 13.95760084 14.09883247]
30Music=GASM_new=0.075=mrr:[2.60981797 4.05180471 4.57084081 4.86888108 5.04915909 5.16976971 5.26225692 5.32382323 5.3727466  5.41030947 5.44259637 5.4689784 5.48869788 5.50656376 5.5215177  5.53414621 5.54561299 5.55542074 5.56371287 5.57077445]
30Music=GASM_new=0.05=recall:[ 1.10670999  2.61575207  3.9289688   4.95408489  5.82283739  6.52246799  7.09006483  7.5722106   7.9858175   8.32791847  8.63827199  8.90204281  9.12635186  9.31891347  9.5076179   9.68059697  9.82449894  9.97492842 10.10963253 10.23780913]
30Music=GASM_new=0.05=mrr:[1.10670999 1.86123103 2.29896994 2.55524896 2.72899946 2.84560456 2.92668982 2.98695805 3.03291437 3.06712446 3.09533842 3.11731932 3.13457386 3.14832827 3.16090856 3.17171975 3.18018457 3.18854177 3.19563146 3.20204029]
30Music=GASM_new=0.025=recall:[0.48184907 0.90228018 1.27612859 1.60191078 1.88467073 2.12381503 2.31756346 2.47867432 2.6172356  2.74155503 2.85845684 2.97061136 3.06704052 3.15516193 3.23616242 3.31567938 3.38421826 3.44771315 3.50586734 3.55779073]
30Music=GASM_new=0.025=mrr:[0.48184907 0.69206462 0.81668076 0.89812631 0.9546783  0.99453568 1.02221403 1.04235289 1.05774858 1.07018053 1.08080796 1.09015417 1.0975718  1.10386619 1.10926622 1.11423603 1.11826773 1.12179522 1.12485597 1.12745214]

xiami=GASM_new=1=recall:[ 5.01022448  7.30901721  8.94767902 10.2404926  11.41665104 12.38008536 13.19941627 13.86503685 14.44282296 14.93963668 15.38109638 15.76720206 16.11259281 16.40537437 16.7082203  16.98041566 17.2544409  17.506965 17.73387071 17.93287068]
xiami=GASM_new=1=mrr:[5.01022448 6.15962085 6.70584145 7.02904485 7.26427653 7.42484892 7.54189619 7.62509876 7.68929722 7.73897859 7.77911129 7.81128677 7.83785529 7.85876825 7.87895798 7.89597019 7.91208933 7.92611844 7.93806085 7.94801085]
xiami=GASM_new=0.75=recall:[ 4.16619013  6.29388864  7.7696907   8.99845832  9.98522368 10.86265342 11.63303491 12.28127159 12.83984391 13.30783694 13.73694492 14.12442301 14.46844135 14.77494705 15.053547   15.31659294 15.54395612 15.7649147 15.99639513 16.21140659]
xiami=GASM_new=0.75=mrr:[4.16619013 5.23003939 5.72197341 6.02916531 6.22651839 6.37275668 6.48281117 6.56384076 6.62590435 6.67270365 6.71171347 6.74400331 6.77046626 6.79235952 6.81093285 6.82737322 6.84074753 6.85302301 6.86520619 6.87595676]
xiami=GASM_new=0.5=recall:[ 3.42462933  5.43109798  6.7344334   7.69375049  8.55562621  9.3401893  9.9737869  10.52686957 11.02276834 11.48435677 11.82608775 12.1650739 12.47112213 12.73462554 12.97937262 13.20033121 13.4180875  13.62532195 13.80693801 13.98306442]
xiami=GASM_new=0.5=mrr:[3.42462933 4.42786366 4.8623088  5.10213807 5.27451321 5.40527373 5.49578767 5.564923   5.62002287 5.66618171 5.69724816 5.72549701 5.74903918 5.76786085 5.78417733 5.79798724 5.81079643 5.82230946 5.8318682  5.84067452]
xiami=GASM_new=0.3=recall:[ 2.4502157   4.28650506  5.39358534  6.29114382  7.05649312  7.64388613  8.15167915  8.62104459  9.02590659  9.38136171  9.71257085 10.00398 10.27892019 10.51726268 10.73410402 10.93310399 11.09596373 11.26934531 11.4299177  11.61290618]
xiami=GASM_new=0.3=mrr:[2.4502157  3.36836038 3.73738714 3.96177676 4.11484662 4.21274545 4.28528731 4.34395799 4.38894266 4.42448817 4.45459809 4.47888219 4.50003143 4.5170559  4.53151199 4.54394949 4.55352947 4.56316178 4.57161296 4.58076238]
xiami=GASM_new=0.25=recall:[ 2.17436057  3.88576029  4.94526357  5.7467531   6.41786334  7.03636438  7.5299758   7.93849757  8.29578257  8.62653424  8.93303994  9.20615024  9.45867434  9.69198465  9.91065588 10.11240067 10.29950639 10.47517533 10.64306725 10.79677757]
xiami=GASM_new=0.25=mrr:[2.17436057 3.03006043 3.38322819 3.58360057 3.71782262 3.82090613 3.89142204 3.94248727 3.9821856  4.01526077 4.04312492 4.06588411 4.08530904 4.10197407 4.11655215 4.1291612  4.14016742 4.1499268 4.15876322 4.16644873]
xiami=GASM_new=0.2=recall:[ 1.78185029  3.3775098   4.47864296  5.27601524  5.9690841   6.5454978  7.01852301  7.39730915  7.76420105  8.0858033   8.36943543  8.64666298  8.88958018  9.10001693  9.28392035  9.45638698  9.61695937  9.76563751  9.92712484 10.07534551]
xiami=GASM_new=0.2=mrr:[1.78185029 2.57968004 2.94672443 3.1460675  3.28468127 3.38075022 3.44832525 3.49567352 3.53643929 3.56859951 3.59438425 3.61748655 3.63617249 3.65120368 3.66346391 3.67424307 3.68368851 3.69194841 3.70044774 3.70785877]
xiami=GASM_new=0.1=recall:[1.0114688  2.08423875 2.87703632 3.50285691 4.05090739 4.49922916 4.90775093 5.24399226 5.56284968 5.82223584 6.07293006 6.27284497 6.45629092 6.60496905 6.76645638 6.91833682 7.04963105 7.1758931 7.31313446 7.43299191]
xiami=GASM_new=0.1=mrr:[1.0114688  1.54785377 1.81211963 1.96857478 2.07818488 2.15290517 2.21126542 2.25329559 2.28872419 2.31466281 2.33745319 2.35411277 2.36822399 2.37884386 2.38960968 2.39910221 2.4068254  2.41383996 2.42106319 2.42705606]
xiami=GASM_new=0.075=recall:[0.77907344 1.65192847 2.29650538 2.86742942 3.40861784 3.8697488 4.24487518 4.50380387 4.77188199 5.00427736 5.20785204 5.40227729 5.56467956 5.73623126 5.87164273 6.01117145 6.14017832 6.25408865 6.36205185 6.47001505]
xiami=GASM_new=0.075=mrr:[0.77907344 1.21550095 1.43035992 1.57309093 1.68132862 1.75818378 1.81177326 1.84413935 1.8739258  1.89716534 1.91567213 1.93187424 1.94436672 1.95662041 1.96564784 1.97436839 1.98195703 1.98828538 1.99396765 1.99936581]
xiami=GASM_new=0.05=recall:[0.54805049 1.13178373 1.59886181 2.01561807 2.37930766 2.69404784 3.01473515 3.23843856 3.45116266 3.64238562 3.80433042 3.96078557 4.10992118 4.21696944 4.30709126 4.4049901  4.50746364 4.59758547 4.68313258 4.77005211]
xiami=GASM_new=0.05=mrr:[0.54805049 0.83991711 0.9956098  1.09979887 1.17253678 1.22499348 1.27080595 1.29876888 1.32240489 1.34152719 1.35624944 1.36928737 1.38075934 1.38840564 1.39441377 1.40053244 1.4065603  1.41156707 1.41606955 1.42041552]
xiami=GASM_new=0.025=recall:[0.25160915 0.51694245 0.71594241 0.87788722 1.01833087 1.15648717 1.26994003 1.36326415 1.45338597 1.54122044 1.60801124 1.67297214 1.73610317 1.78733994 1.84177901 1.88386636 1.93327325 1.97444566 2.01699048 2.05999277]
xiami=GASM_new=0.025=mrr:[0.25160915 0.3842758  0.45060912 0.49109532 0.51918405 0.5422101 0.55841766 0.57008317 0.58009671 0.58888015 0.59495204 0.60036545 0.60522169 0.60888145 0.61251073 0.61514119 0.61804747 0.62033483 0.62257403 0.62472414]
xiami=GASM_new=0.01=recall:[0.0603862  0.12305975 0.15325285 0.19579767 0.23834249 0.27585513 0.32297466 0.36323213 0.40165971 0.43139533 0.46662061 0.49132406 0.5192298  0.5494229  0.56863669 0.59059531 0.60843668 0.62444818 0.64640679 0.66836541]
xiami=GASM_new=0.01=mrr:[0.0603862  0.09172297 0.10178734 0.11242355 0.12093251 0.12718462 0.13391598 0.13894816 0.14321789 0.14619145 0.14939375 0.15145237 0.15359897 0.15575562 0.15703654 0.15840895 0.15945844 0.16034797 0.16150369 0.16260162]

