lastfm=GASM=1=recall:[20.90723907 25.3069621  27.98850251 29.85966297 31.42527033 32.69297349 33.84272268 34.84029919 35.73723239 36.50614729 37.25654383 37.88133751 38.44534263 38.92762538 39.34911957 39.77504207 40.16553812 40.52060772 40.85152293 41.16754293]
lastfm=GASM=1=mrr:[20.90723907 23.10710059 24.00094739 24.4687375  24.78185898 24.99314284 25.15739272 25.28208978 25.38174903 25.45864052 25.52685839 25.57892453 25.62230954 25.6567583  25.68485792 25.71147807 25.73444843 25.75417452 25.77159111 25.78739211]
lastfm=GASM=0.75=recall:[16.85896249 21.53042246 24.43941675 26.4100128  28.00782602 29.32504569 30.4731846  31.41601114 32.28516679 33.02429127 33.69175772 34.26945033 34.78514666 35.25776765 35.70140337 36.07700421 36.46065652 36.84229596 37.17965234 37.48238742]
lastfm=GASM=0.75=mrr:[16.85896249 19.19469247 20.16435724 20.65700625 20.9765689  21.19610551 21.36012535 21.47797867 21.57455152 21.64846397 21.70914273 21.75728378 21.79695273 21.83071138 21.86028709 21.88376214 21.90632993 21.92753212 21.94528772 21.96042447]
lastfm=GASM=0.5=recall:[11.47011699 16.98013704 20.09404111 22.21842014 23.94706967 25.33473966 26.46154218 27.48689624 28.40194523 29.13704399 29.81175675 30.41923978 31.03880001 31.48766918 31.95505672 32.33951417 32.70263524 33.06092544 33.37412742 33.6498901 ]
lastfm=GASM=0.5=mrr:[11.47011699 14.22512701 15.26309504 15.79418979 16.1399197  16.37119803 16.53216982 16.66033908 16.76201119 16.83552106 16.89685859 16.94748217 16.99514065 17.02720274 17.05836191 17.0823905  17.10375056 17.12365557 17.14013988 17.15392802]
lastfm=GASM=0.3=recall:[ 5.36791169 11.06472573 14.27363709 16.55501969 18.32070595 19.77439795 20.98574086 22.06020886 23.00263283 23.77436575 24.50262075 25.11372694 25.66605744 26.15920967 26.58070386 26.96274587 27.33834671 27.68174169 27.99494368 28.28721186]
lastfm=GASM=0.3=mrr:[ 5.36791169  8.21631871  9.28595583  9.85630148 10.20943873 10.45172073 10.62476972 10.75907822 10.86379199 10.94096529 11.00717029 11.0580958 11.10058276 11.13580792 11.16390753 11.18778516 11.20987933 11.22895683 11.24544114 11.26005455]
lastfm=GASM=0.25=recall:[ 4.12557065  9.134387   12.17824333 14.34972343 16.16975709 17.57151714 18.79171665 19.87584641 20.75023551 21.52478643 22.28564987 22.88830203 23.43097077 23.91969469 24.3242808  24.72001031 25.07789792 25.43095466 25.73570261 26.02716564]
lastfm=GASM=0.25=mrr:[4.12557065 6.62997882 7.6445976  8.18746763 8.55147436 8.78510103 8.95941525 9.09493147 9.19208581 9.26954091 9.33871031 9.38893132 9.43067507 9.46558392 9.49255633 9.51728942 9.53834164 9.5579559 9.57399527 9.58856842]
lastfm=GASM=0.2=recall:[ 3.01970193  6.65936667  9.25556155 11.33726782 13.04780155 14.46526195 15.62104975 16.60574392 17.45678376 18.15927408 18.79896297 19.33760598 19.84404312 20.29371744 20.69508297 21.06585293 21.40159902 21.69789293 21.97043502 22.22566646]
lastfm=GASM=0.2=mrr:[3.01970193 4.8395343  5.7049326  6.22535916 6.56746591 6.80370931 6.96882185 7.09190862 7.18646861 7.25671764 7.31487117 7.35975809 7.39871479 7.43083439 7.45759209 7.48076521 7.50051498 7.51697576 7.53132008 7.54408165]
lastfm=GASM=0.1=recall:[ 1.36955419  2.57365078  3.62034122  4.57081666  5.39367638  6.07442774  6.66983358  7.20002254  7.66539722  8.06676275  8.39687281  8.691959  8.99952496  9.25435383  9.47697684  9.66497854  9.87149862 10.0703698 10.25434578 10.43188058]
lastfm=GASM=0.1=mrr:[1.36955419 1.97160248 2.3204993  2.55811816 2.7226901  2.83614866 2.92120664 2.98748026 3.03918856 3.07932511 3.10933512 3.13392563 3.15758455 3.17578661 3.19062815 3.20237825 3.21452649 3.22557489 3.23525784 3.24413458]
lastfm=GASM=0.075=recall:[0.99073276 1.75642708 2.41141376 2.96615969 3.49514094 3.90898624 4.28056135 4.65173388 4.92266568 5.18071513 5.41018188 5.61710453 5.83690953 6.01122374 6.17064275 6.32603602 6.47418298 6.61468104 6.74833536 6.87313307]
lastfm=GASM=0.075=mrr:[0.99073276 1.37357992 1.59190881 1.7305953  1.83639155 1.90536576 1.95844792 2.00484449 2.03494802 2.06075297 2.08161358 2.09885714 2.11576521 2.12821623 2.13884416 2.14855624 2.15727077 2.16507622 2.17211065 2.17835054]
lastfm=GASM=0.05=recall:[0.35627732 0.65216866 0.96295521 1.19966828 1.41061666 1.58090515 1.74032415 1.87880935 2.00360706 2.12679447 2.23106094 2.34619689 2.43919131 2.5341986  2.63564706 2.71616171 2.80110466 2.89007335 2.95730308 3.02936369]
lastfm=GASM=0.05=mrr:[0.35627732 0.50422299 0.60781851 0.66699678 0.70918645 0.73756787 0.76034201 0.77765266 0.79151907 0.80383781 0.81331658 0.82291125 0.83006466 0.8368509  0.84361413 0.84864629 0.85364294 0.85858564 0.86212405 0.86572708]
lastfm=GASM=0.025=recall:[0.06280143 0.10708448 0.14814696 0.19001457 0.2242333  0.25442629 0.30313766 0.33131778 0.35909534 0.38445745 0.4138453  0.43840227 0.46658239 0.49476252 0.51569633 0.53260441 0.57326431 0.59460069 0.61352163 0.63566316]
lastfm=GASM=0.025=mrr:[0.06280143 0.08494296 0.09863045 0.10909735 0.1159411  0.12097326 0.12793203 0.13145454 0.13454094 0.13707715 0.13974877 0.14179519 0.14396289 0.14597575 0.14737134 0.1484281  0.15081986 0.15200521 0.15300105 0.15410813]

30Music=GASM=1=recall:[23.09809911 26.72960211 28.87087899 30.55133984 31.82049114 32.92050883 33.88791409 34.70631297 35.45183182 36.1160302  36.72358018 37.28600622 37.77376676 38.2147802  38.62186953 39.01337649 39.36349279 39.6848791 40.00496688 40.29372761]
30Music=GASM=1=mrr:[23.09809911 24.91385061 25.62760957 26.04772479 26.30155504 26.48489133 26.62309208 26.72539194 26.80822737 26.8746472  26.92987902 26.97674786 27.0142679  27.04576886 27.07290815 27.09737733 27.11797241 27.1358272 27.15267393 27.16711197]
30Music=GASM=0.75=recall:[20.5447011  23.8976693  25.87711681 27.33942452 28.56426347 29.61250225 30.48121919 31.25465645 31.92469821 32.53159893 33.09110328 33.59801714 34.03967985 34.43524472 34.79380146 35.13774974 35.47325757 35.76136904 36.05353841 36.30577797]
30Music=GASM=0.75=mrr:[20.5447011  22.2211852  22.88100104 23.24657797 23.49154575 23.66625222 23.79035464 23.8870343  23.96148338 24.02217345 24.07303748 24.11528031 24.14925436 24.17750899 24.20141278 24.22290954 24.2426453  24.25865149 24.27402883 24.28664081]
30Music=GASM=0.5=recall:[17.82817519 20.86381499 22.72006441 24.0767042  25.20675041 26.16555291 26.93688005 27.62023176 28.23119038 28.80708868 29.30994463 29.75793767 30.17281818 30.5459834  30.91362986 31.26033752 31.551533   31.82812 32.0956173  32.33617008]
30Music=GASM=0.5=mrr:[17.82817519 19.34599509 19.9647449  20.30390484 20.52991409 20.6897145 20.79990409 20.88532306 20.95320735 21.01079718 21.05651136 21.09384411 21.125758   21.15241265 21.17692242 21.19859165 21.21572079 21.23108674 21.24516554 21.25719318]
30Music=GASM=0.3=recall:[14.65959833 17.52383209 19.26337608 20.46224441 21.41861216 22.20730716 22.90056015 23.5077855  24.04342935 24.51252352 24.95110221 25.33660347 25.68331112 26.04381567 26.34864571 26.62344724 26.89370391 27.1383146 27.37984129 27.60140306]
30Music=GASM=0.3=mrr:[14.65959833 16.09171521 16.67156321 16.97128029 17.16255384 17.29400301 17.39303915 17.46894232 17.5284583  17.57536772 17.61523851 17.64736361 17.67403343 17.69978376 17.72010576 17.73728086 17.75317831 17.76676779 17.77947972 17.79055781]
30Music=GASM=0.25=recall:[13.37778636 16.19575997 17.89829584 19.16095448 20.10871947 20.88264368 21.54099867 22.09498426 22.62186303 23.09274268 23.51151878 23.90627206 24.24648707 24.57387908 24.86880784 25.15351066 25.39747209 25.62861052 25.84530281 26.06653995]
30Music=GASM=0.25=mrr:[13.37778636 14.78677317 15.35428512 15.66994978 15.85950278 15.98849015 16.08254086 16.15178906 16.21033115 16.25741911 16.29548967 16.32838577 16.35455616 16.3779413  16.39760322 16.41539715 16.42974782 16.44258884 16.4539937  16.46505556]
30Music=GASM=0.2=recall:[11.71047314 14.57681701 16.21280319 17.40209485 18.29304913 19.07492684 19.7230559  20.3109656  20.82177506 21.25142635 21.67085172 22.02697373 22.36215692 22.66779855 22.95168979 23.22454353 23.46038914 23.68795662 23.8966954  24.10170091]
30Music=GASM=0.2=mrr:[11.71047314 13.14364507 13.6889738  13.98629672 14.16448757 14.29480052 14.38739039 14.4608791  14.51763571 14.56060084 14.59873042 14.62840725 14.65419057 14.67602212 14.6949482  14.71200156 14.72587483 14.73851747 14.74950372 14.75975399]
30Music=GASM=0.1=recall:[ 6.16509842  9.2702096  10.97858885 12.15408364 13.04049305 13.78422642 14.43803656 15.03114039 15.50981121 15.91235568 16.27691813 16.6257359 16.9281312  17.20731527 17.48731092 17.72721444 17.94277051 18.1485876 18.3464512  18.51996734]
30Music=GASM=0.1=mrr:[6.16509842 7.71765401 8.28711376 8.58098746 8.75826934 8.8822249 8.97562635 9.04976433 9.10294998 9.14320442 9.17634646 9.20541461 9.22867579 9.24861751 9.26728388 9.28227785 9.29495762 9.30639191 9.31680578 9.32548159]
30Music=GASM=0.075=recall:[ 3.5768024   6.67444703  8.34630511  9.63655753 10.63025803 11.44816996 12.15116194 12.71861979 13.23121473 13.66378772 14.04993824 14.38950398 14.68248493 14.94900833 15.19410597 15.41193447 15.62391958 15.84548136 16.02841185 16.1920267 ]
30Music=GASM=0.075=mrr:[3.5768024  5.12562471 5.68291074 6.00547385 6.20421395 6.3405326 6.44096003 6.51189226 6.56884725 6.61210455 6.64720914 6.67550629 6.69804329 6.71708067 6.73342051 6.7470348  6.75950451 6.7718135 6.78144142 6.78962216]
30Music=GASM=0.05=recall:[ 1.85608711  3.69237162  5.11215246  6.23229738  7.183471    7.93564483  8.55893949  9.08370815  9.54192712  9.90989821 10.23323232 10.51241639 10.76140962 10.98280908 11.19024933 11.39038536 11.55302631 11.72638014 11.88058064 12.03267103]
30Music=GASM=0.05=mrr:[1.85608711 2.77422936 3.24748964 3.52752587 3.7177606  3.8431229 3.932165   3.99776108 4.0486743  4.08547141 4.11486542 4.13813076 4.15728408 4.17309833 4.18692768 4.19943618 4.20900329 4.21863406 4.22674988 4.2343544 ]
30Music=GASM=0.025=recall:[0.84339559 1.39592034 1.82995418 2.22454515 2.56784416 2.84248337 3.07816667 3.26564202 3.44305375 3.59709194 3.7389564  3.87091957 3.98340478 4.09653925 4.19555221 4.28628703 4.36679592 4.43951364 4.51937326 4.57910567]
30Music=GASM=0.025=mrr:[0.84339559 1.11965797 1.26433591 1.36298366 1.43164346 1.47741666 1.5110857  1.53452012 1.55423254 1.56963635 1.58253312 1.59353005 1.60218276 1.6102638  1.61686466 1.62253559 1.6272714  1.63131128 1.63551442 1.63850104]

xiami=GASM=1=recall:[18.32231274 22.97544565 26.03678174 28.30564719 30.14995732 31.62406695 32.77563859 33.74717004 34.58289602 35.30844328 35.93458485 36.51126843 37.02364027 37.47512817 37.9008261  38.31395548 38.69280704 39.04129825 39.34620765 39.62108315]
xiami=GASM=1=mrr:[18.32231274 20.6488792  21.66932456 22.23654092 22.60540295 22.85108789 23.01559812 23.13703955 23.22989799 23.30245272 23.35937468 23.40743165 23.44684486 23.479094   23.50747386 23.53329445 23.55557983 23.57494046 23.59098832 23.60473209]
xiami=GASM=0.75=recall:[16.03434964 20.51609344 23.09770322 25.06525029 26.59959095 27.87325693 28.95170255 29.811423   30.56994227 31.2323204  31.84377147 32.35565364 32.83309475 33.25356938 33.63111512 34.02253522 34.34311448 34.64377996 34.92812267 35.22340163]
xiami=GASM=0.75=mrr:[16.03434964 18.27522154 19.13575814 19.6276449  19.93451303 20.1467907 20.30085436 20.40831941 20.49259933 20.55883715 20.61442361 20.65708045 20.69380669 20.7238406  20.74901031 20.77347407 20.79233167 20.80903531 20.82400071 20.83876466]
xiami=GASM=0.5=recall:[14.09765262 18.31431458 20.6259457  22.27846324 23.57677661 24.68133866 25.56880783 26.33548848 26.9748515  27.59691238 28.14747952 28.63895822 29.04882305 29.45068972 29.79232536 30.10245805 30.40508226 30.6690215 30.93377688 31.18596372]
xiami=GASM=0.5=mrr:[14.09765262 16.2059836  16.97652731 17.38965669 17.64931937 17.83341304 17.96019435 18.05602943 18.12706977 18.18927586 18.23932742 18.28028397 18.31181204 18.3405168  18.36329251 18.3826758  18.40047723 18.41514052 18.42907501 18.44168435]
xiami=GASM=0.3=recall:[12.38506727 16.16444214 18.21768377 19.7218273  20.89265981 21.83415736 22.62352667 23.30777731 23.87548336 24.44531137 24.88880111 25.30127758 25.69008604 26.06289817 26.36699144 26.66276008 26.92441413 27.17676421 27.44037699 27.66187702]
xiami=GASM=0.3=mrr:[12.38506727 14.27475471 14.95916858 15.33520447 15.56937097 15.72628723 15.83905427 15.9245856  15.98766405 16.04464685 16.0849641  16.11933714 16.14924548 16.17587492 16.19614781 16.21463335 16.23002476 16.24404421 16.25791857 16.26899357]
xiami=GASM=0.25=recall:[11.52893783 15.23486022 17.2649235  18.66851876 19.79021972 20.69156325 21.43016873 22.06496137 22.61944597 23.11973897 23.5761237  23.96982899 24.34068239 24.67937993 24.98575838 25.26944818 25.53338742 25.79259305 26.02143833 26.22237167]
xiami=GASM=0.25=mrr:[11.52893783 13.38189902 14.05858679 14.4094856  14.63382579 14.78404971 14.88956478 14.96891386 15.03052326 15.08055256 15.12204208 15.15485086 15.18337804 15.20757072 15.22799595 15.24572656 15.2612524  15.27565272 15.2876972  15.29774387]
xiami=GASM=0.2=recall:[10.87390495 14.21729855 16.07989018 17.47010076 18.62477373 19.58194114 20.27223121 20.82296157 21.35198265 21.81767136 22.22492455 22.59757346 22.96189775 23.27007171 23.54478398 23.80137797 24.05307513 24.283063 24.49787069 24.70419055]
xiami=GASM=0.2=mrr:[10.87390495 12.54560175 13.16646562 13.51401827 13.74495286 13.90448076 14.00309363 14.07193493 14.13071505 14.17728392 14.21430694 14.24536101 14.27338596 14.29539838 14.31371253 14.32974966 14.34455537 14.35733248 14.36863815 14.37895414]
xiami=GASM=0.1=recall:[ 8.72240023 11.40292602 12.97693102 14.11903545 15.09040368 15.85316686 16.49840608 17.01387925 17.51825294 17.90804076 18.25065577 18.55148447 18.82913484 19.08589206 19.34868871 19.59810068 19.80637927 19.98837819 20.1627054  20.32185244]
xiami=GASM=0.1=mrr:[ 8.72240023 10.06266313 10.58733146 10.87285757 11.06713121 11.19425841 11.28643544 11.35086959 11.40691111 11.44588989 11.47703671 11.50210577 11.52346349 11.54180329 11.55932307 11.57491132 11.587163   11.59727405 11.60644916 11.61440652]
xiami=GASM=0.075=recall:[ 8.24316361 10.47758802 11.85686234 12.9891731  13.83681471 14.60757605 15.19617525 15.65729359 16.07270816 16.47082059 16.7969496  17.12177278 17.38359006 17.66548435 17.88078173 18.07453305 18.29260529 18.46530023 18.61742848 18.77526969]
xiami=GASM=0.075=mrr:[ 8.24316361  9.36037582  9.82013392 10.10321161 10.27273994 10.40120016 10.48528576 10.54292555 10.58908273 10.62889397 10.65854206 10.68561066 10.70575045 10.72588576 10.74023891 10.75234837 10.76517615 10.77477031 10.78277706 10.79066913]
xiami=GASM=0.05=recall:[ 7.3006867   9.16637966 10.26816684 11.2073792  11.88999757 12.51499655 13.01888055 13.41111679 13.76548419 14.06370125 14.31360291 14.57868474 14.78271941 14.97842946 15.17479242 15.34928286 15.53046564 15.69924311 15.82998853 15.99909245]
xiami=GASM=0.05=mrr:[7.3006867  8.23353318 8.60079557 8.83559866 8.97212234 9.07628883 9.14827226 9.19730179 9.23667595 9.26649765 9.28921599 9.31130614 9.32700111 9.3409804  9.35407127 9.36497692 9.37563473 9.38501126 9.39189259 9.40034779]
xiami=GASM=0.025=recall:[4.72658539 5.69566843 6.29863166 6.73249097 7.05388637 7.38507544 7.64509721 7.87590122 8.0717745  8.2989875  8.43479297 8.59051222 8.71799308 8.85086045 8.97801486 9.08117478 9.19037413 9.2932076 9.39228684 9.46573932]
xiami=GASM=0.025=mrr:[4.72658539 5.21112691 5.41211465 5.52057948 5.58485856 5.64005674 5.67720271 5.70605321 5.7278169  5.7505382  5.76288416 5.77586076 5.78566698 5.79515751 5.80363447 5.81008196 5.81650545 5.82221842 5.82743312 5.83110575]
xiami=GASM=0.01=recall:[1.16805764 1.35185206 1.51540625 1.63717414 1.73021394 1.82912995 1.93261633 1.99170477 2.07560382 2.12897929 2.22103973 2.25874533 2.29971549 2.36876082 2.40254896 2.43682679 2.46686069 2.50538243 2.53182533 2.56593992]
xiami=GASM=0.01=mrr:[1.16805764 1.25995485 1.31447291 1.34491488 1.36352285 1.38000885 1.39479262 1.40217867 1.41150079 1.41683833 1.42520747 1.4283496 1.43150115 1.43643296 1.4386855  1.44082787 1.44259457 1.44473466 1.44612639 1.44783212]